tasks/coverage/snapshots/codegen_typescript.snap
  s_ff31726993a587::t_bc2b4192891ad1 1,4-7
tasks/coverage/snapshots/estree_acorn_jsx.snap
  s_ff31726993a587::t_6a2b19210844dc 1
tasks/coverage/snapshots/estree_acorn_jsx_tokens.snap
  s_ff31726993a587::t_894b7d6ca7f0b1 1
tasks/coverage/snapshots/estree_typescript.snap
  s_ff31726993a587::t_e591c7b2a20275 1,4-6,8-14,16,18-24,26,28,30,32,34-36,38-40,42,44,46,48-50,52,54-72
tasks/coverage/snapshots/estree_typescript_tokens.snap
  s_ff31726993a587::t_02af125275d115 1,4-23
tasks/coverage/snapshots/formatter_typescript.snap
  s_ff31726993a587::t_ceebf5a5e86cdb 1,4-6,8,10,12,14,16,18,20,22,24,26,28,30,32
tasks/coverage/snapshots/parser_typescript.snap
  s_ff31726993a587::t_5ce5991343b386 1,4-7,9,11,13,15,17,19,21,23,25,27,29,31,33,35,37,39,41,43,45,47,49,51,53,55,57,59,61,63,65,67,69,71,73,75,77,79,81,83,85,87,89,91,93,95,97,99,101,103,105,107,109,111,113,115,117,119,121,123,125,127,129,131,133,135,137,139,141,143,145,147,149,151,153,155,157,159,161,163,165,167,169,171,173,175,177,179,181,183,185,187,189,191,193,195,197,199,201,203,205,207,209,211,213,215,217,219,221,223,225,227,229,231,233,235,237,239,241,243,245,247,249,251,253,255,257,259,261,263,265,267,269,271,273,275,277,279,281,283,285,287,289,291,293,295,297,299,301,303,305,307,309,311,313,315,317,319,321,323,325,327,329,331,333,335,337,339,341,343,345,347,349,351,353,355,357,359,361,363,365,367,369,371,373,375,377,379,381,383,385,387,389,391,393,395,397,399,401,403,405,407,409,411,413,415,417,419,421,423,425,427,429,431,433,435,437,439,441,443,445,447,449,451,453,455,457,459,461,463,465,467,469,471,473,475,477,479,481,483,485,487,489,491,493,495,497,499,501,503,505,507,509,511,513,515,517,519,521,523,525,527,529,531,533,535,537,539,541,543,545,547,549,551,553,555,557,559,561,563,565,567,569,571,573,575,577,579,581,583,585,587,589,591,593,595,597,599,601,603,605,607,609,611,613,615,617,619,621,623,625,627,629,631,633,635,637,639,641,643,645,647,649,651,653,655,657,659,661,663,665,667,669,671,673,675,677,679,681,683,685,687,689,691,693,695,697,699,701,703,705,707,709,711,713,715,717,719,721,723,725,727,729,731,733,735,737,739,741,743,745,747,749,751,753,755,757,759,761,763,765,767,769,771,773,775,777,779,781,783,785,787,789,791,793,795,797,799,801,803,805,807,809,811,813,815,817,819,821,823,825,827,829,831,833,835,837,839,841,843,845,847,849,851,853,855,857,859,861,863,865,867,869,871,873,875,877,879,881,883,885,887,889,891,893,895,897,899,901,903,905,907,909,911,913,915,917,919,921,923,925,927,929,931,933,935,937,939,941,943,945,947,949,951,953,955,957,959,961,963,965,967,969,971,973,975,977,979,981,983,985,987,989,991,993,995,997,999,1001,1003,1005,1007,1009,1011,1013,1015,1017,1019,1021,1023,1025,1027,1029,1031,1033,1035,1037,1039,1041,1043,1045,1047,1049,1051,1053,1055,1057,1059,1061,1063,1065,1067,1069,1071,1073,1075,1077,1079,1081,1083,1085,1087,1089,1091,1093,1095,1097,1099,1101,1103,1105,1107,1109,1111,1113,1115,1117,1119,1121,1123,1125,1127,1129,1131,1133,1135,1137,1139,1141,1143,1145,1147,1149,1151,1153,1155,1157,1159,1161,1163,1165,1167,1169,1171,1173,1175,1177,1179,1181,1183,1185,1187,1189,1191,1193,1195,1197,1199,1201,1203,1205,1207,1209,1211,1213,1215,1217,1219,1221,1223,1225,1227,1229,1231,1233,1235,1237,1239,1241,1243,1245,1247,1249,1251,1253,1255,1257,1259,1261,1263,1265,1267,1269,1271,1273,1275,1277,1279,1281,1283,1285,1287,1289,1291,1293,1295,1297,1299,1301,1303,1305,1307,1309,1311,1313,1315,1317,1319,1321,1323,1325,1327,1329,1331,1333,1335,1337,1339,1341,1343,1345,1347,1349,1351,1353,1355,1357,1359,1361,1363,1365,1367,1369,1371,1373,1375,1377,1379,1381,1383,1385,1387,1389,1391,1393,1395,1397,1399,1401,1403,1405,1407,1409,1411,1413,1415,1417,1419,1421,1423,1425,1427,1429,1431,1433,1435,1437,1439,1441,1443,1445,1447,1449,1451,1453,1455,1457,1459,1461,1463,1465,1467,1469,1471,1473,1475,1477,1479,1481,1483,1485,1487,1489,1491,1493,1495,1497,1499,1501,1503,1505,1507,1509,1511,1513,1515,1517,1519,1521,1523,1525,1527,1529,1531,1533,1535,1537,1539,1541,1543,1545,1547,1549,1551,1553,1555,1557,1559,1561,1563,1565,1567,1569,1571,1573,1575,1577,1579,1581,1583,1585,1587,1589,1591,1593,1595,1597,1599,1601,1603,1605,1607,1609,1611,1613,1615,1617,1619,1621,1623,1625,1627,1629,1631,1633,1635,1637,1639,1641,1643,1645,1647,1649,1651,1653,1655,1657,1659,1661,1663,1665,1667,1669,1671,1673,1675,1677,1679,1681,1683,1685,1687,1689,1691,1693,1695,1697,1699,1701,1703,1705,1707,1709,1711,1713,1715,1717,1719,1721,1723,1725,1727,1729,1731,1733,1735,1737,1739,1741,1743,1745,1747,1749,1751,1753,1755,1757,1759,1761,1763,1765,1767,1769,1771,1773,1775,1777,1779,1781,1783,1785,1787,1789,1791,1793,1795,1797,1799,1801,1803,1805,1807,1809,1811,1813,1815,1817,1819,1821,1823,1825,1827,1829,1831,1833,1835,1837,1839,1841,1843,1845,1847,1849,1851,1853,1855,1857,1859,1861,1863,1865,1867,1869,1871,1873,1875,1877,1879,1881,1883,1885,1887,1889,1891,1893,1895,1897,1899,1901,1903,1905,1907,1909,1911,1913,1915,1917,1919,1921,1923,1925,1927,1929,1931,1933,1935,1937,1939,1941,1943,1945,1947,1949,1951,1953,1955,1957,1959,1961,1963,1965,1967,1969,1971,1973,1975,1977,1979,1981,1983-2398,2402,2409,2417,2425,2433,2441,2449,2457,2465,2473,2481,2488,2496,2504,2513,2522,2530,2538,2547,2555,2563,2570,2579,2588,2596,2604,2613,2621,2629,2637,2645,2653,2660,2668,2676,2684,2692,2701,2710,2718,2726,2734,2742,2749,2756,2764,2772,2780,2788,2796,2804,2812,2820,2828,2837,2846,2855,2861,2869,2878,2886,2894,2902,2910,2919,2928,2936,2942-2948,2950,2958,2970,2979,2988,2997,3006,3015,3024,3033,3042,3051,3060,3069,3078,3087,3096,3105,3114,3122,3131,3139,3148,3156,3165,3174,3183,3190,3200,3207,3215,3222,3234,3245,3261,3273,3284,3296,3308,3320,3332,3345,3357,3369,3383,3395,3407,3421,3433,3445,3457,3469,3481,3493,3502,3510-3572,3574,3583,3592,3601,3610,3619,3628,3637,3646,3655,3664,3673,3682,3691,3700,3709,3718,3727,3736,3745,3754,3760,3768,3777,3783,3791,3798,3805,3814,3822,3830,3836,3843,3852,3861,3869-3877,3879,3892,3899,3906,3918,3926,3934,3942,3950,3958,3964,3972,3980,3989,4001,4013,4025,4032,4040,4048,4056,4065,4074,4083,4092,4101,4110,4119,4128,4137,4146,4155,4164,4173,4182,4191,4200,4209,4218,4227,4236,4245,4254,4263,4272,4281,4290,4299,4308,4317,4326,4335,4344,4353,4362,4371,4380,4389,4398,4407,4416,4425,4434,4443,4452,4461,4470,4479,4488,4497,4506,4515,4524,4533,4542,4551,4560,4569,4578,4587,4596,4605,4614,4623,4632,4641,4650,4659,4668,4677,4686,4695,4704,4713,4722,4731,4740,4749,4758,4767,4776,4785,4794,4803,4812,4821,4830,4839,4848,4857,4866,4875,4884,4893,4902,4911,4920,4929,4938,4947,4956,4965,4974,4983,4992,5001,5010,5019,5028,5037,5046,5055,5060,5069,5077-5084,5086,5093,5111,5118,5137,5159,5183,5190,5200,5211,5222,5235,5248,5260,5268,5276,5284,5292,5300,5309,5318,5327,5336,5345,5354,5363,5371,5380,5389,5398,5407,5416,5425,5434,5443,5452,5460,5469,5478,5486,5495,5504,5513,5521,5527,5536,5545,5554,5563,5572,5581,5590,5604,5612,5624,5633,5642,5651,5658,5667,5676,5686,5694,5702,5710,5718,5727,5736,5745,5754,5763,5772,5781,5790,5799,5808,5817,5826,5835,5844,5853,5862,5871,5880,5889,5898,5907,5916,5925,5934,5943,5952,5961,5970,5979,5988,5997,6006,6015,6024,6033,6044,6052,6059,6067,6075,6083,6091,6101,6111,6121,6129,6137,6145,6153,6161,6169,6176,6183,6191,6199,6207,6215,6223,6231,6239,6247,6255,6262-6278,6280,6288,6296,6305,6314,6323,6332,6342,6352,6360,6368,6376,6383,6391,6398,6406,6414-6429,6431,6440,6448,6456,6465,6470,6476,6483,6490,6502,6515,6527,6540,6553,6566,6575,6584,6594,6604,6614,6624,6634,6644,6654,6664,6674,6684,6694,6704,6714,6724,6734,6744,6754,6764,6774,6784,6794,6804,6814,6824,6836,6848,6862,6876,6890,6902,6916,6927,6938-6954,6956,6964,6972,6980,6987,6995,7003,7010,7018,7025,7033,7043,7051,7060,7068,7076,7087,7094,7102,7109,7117,7124,7133,7142,7148-7156,7164,7172,7180,7192,7201,7208,7216,7224,7232,7240,7248,7256,7264,7272,7280,7288,7296,7304,7311,7318,7325,7336,7343,7355,7362,7370,7378,7386,7393,7401,7413,7426,7435,7448,7459,7466,7473,7480,7486,7495,7504,7513,7522,7531,7540,7549,7558,7567,7575-7616,7618,7625,7632,7640,7647,7655,7662,7670,7678,7686,7694,7701,7709,7717,7725,7733,7741,7753,7761,7772,7783,7790,7798,7807,7815,7823,7831,7839,7846,7853,7861,7871,7879,7887,7895,7904,7911,7920,7930,7938,7944,7951,7959,7967,7975,7983,7991,7999,8011,8018,8027,8035-8042,8044,8053,8062,8074,8082,8090,8098,8106,8113,8122,8134,8142,8150,8158,8166,8174-8181,8183,8190,8196,8204,8212,8221,8229,8242,8250,8257,8265,8273,8281,8289,8297,8307,8316,8327,8335,8343,8351,8359,8367,8375,8383,8391,8400,8409,8415,8424,8432,8440,8448,8456,8464,8472,8480,8490,8499,8508,8517,8525,8533,8539,8547,8555,8563,8571,8579,8588,8597,8605,8613,8621,8629,8637,8645,8654,8663,8672,8680,8686,8692,8698,8704-8711,8713,8721,8728,8739,8750,8759,8766,8775,8784,8792,8801,8810,8818,8827,8833,8839,8846,8852,8859,8866,8875,8882,8890,8897,8904,8911,8918,8926,8933,8940,8947,8954,8961,8968,8974-8980,8982,8990,8998,9006,9014,9022,9030,9038,9049,9061,9073,9086,9099,9111,9124,9137,9149,9161,9173,9186,9195,9204,9217,9226,9238,9250,9262,9274,9286,9298,9310,9322,9334,9346,9358,9370,9379,9388,9396,9404,9412,9420,9428,9436,9444,9452,9460,9468,9476,9484,9492,9500,9508,9516,9524,9532,9540,9548,9556,9564,9572,9580,9588,9596,9603,9611,9622,9628,9634,9640,9646,9651,9661,9669,9677,9685,9693,9701,9709,9717,9725,9731,9737,9746,9755,9764,9773,9782,9791,9798,9806,9814,9829,9837,9846,9854,9863,9871,9880,9888,9897,9905,9914,9922,9931,9939,9948,9957,9969,9981,9993,10005,10012,10020,10028,10037,10046,10055,10064,10073,10086,10100,10111-10135,10137,10146,10151,10159,10165,10173-10182,10191,10199,10207,10216,10225,10234,10243,10252,10259,10268,10280,10293,10302,10314,10326,10334,10342,10348,10355,10363,10370,10377,10385,10392,10400,10411,10422,10433,10441,10452,10460,10468,10476,10484,10492,10500,10508,10516,10524,10532,10540,10548,10556,10564,10572,10580,10588,10596,10604,10612,10620,10628,10636,10644,10652,10660,10668,10675,10682,10689,10697,10705,10713,10721,10729,10736,10744,10758,10766,10774,10783,10791,10799,10807,10815,10823,10835-10842,10844,10852,10860,10868,10876,10884,10892,10900,10908,10917,10927,10935,10944,10951,10958,10966,10974,10981,10989,10996,11004,11012,11020,11028,11037,11046,11055,11064,11073,11082,11091,11100,11108,11116,11125,11134,11143,11152,11161,11170,11179,11188,11197,11206,11214,11221,11228,11235,11243,11251,11259,11266,11272,11280,11289,11297,11306,11314,11323,11331,11340,11348,11357,11365,11374,11382,11391,11399,11408,11420,11427,11435,11441,11448,11454,11460,11466,11474,11482,11490,11498,11506,11514,11522,11530,11538,11551,11564,11572,11580,11588,11596,11604,11612,11620,11628,11636,11644,11652,11660,11668,11676,11684,11692,11700,11709,11717,11725,11733,11741,11754,11767,11780,11793,11801,11809,11817,11825,11833,11841-11849,11857,11866,11873,11882,11891,11900,11909,11922,11930,11942,11954,11966,11976,11984-12028,12030,12039,12048,12057,12066,12075,12084,12093,12102,12111,12120,12129,12138,12144-12474,12476-12481,12483,12485-12490,12492,12494-12499,12501,12503-12508,12510,12512-12517,12519,12521-12526,12528,12530-12535,12537,12539-12544,12546,12548-12555,12557-12564,12566-12571,12573,12575-12580,12582,12584-12589,12591,12593-12598,12600,12602-12607,12609,12611-12616,12618,12620-12625,12627,12630-12642,12644-12671,12674,12683,12692,12701,12710,12719,12728,12737,12746,12755,12764,12773,12780,12788,12796,12804,12811,12817,12825,12832,12842,12850,12856,12864,12871,12879,12889,12899,12909,12922,12935,12944,12957,12970,12983,12997,13004,13013,13020,13029,13036,13045,13052,13061,13070,13076,13081-13087,13089,13102,13110,13118,13125,13134,13143,13152,13160,13168,13176,13184,13192,13201,13208,13217,13226,13235,13244,13256,13265,13274,13283,13292,13301,13310,13319,13328,13337,13346,13355,13364,13373,13382,13391,13400,13409,13418,13434,13443,13452,13461,13470,13479,13488,13497,13506,13515,13524,13533,13542,13551,13560,13569,13578,13587,13596,13605,13614,13623,13632,13641,13650,13659,13668,13677,13686,13694,13703,13712,13721,13730,13739,13748,13757,13765,13774,13783,13792,13800,13808,13817,13826,13834,13861,13870,13879,13888,13897,13906,13915,13924,13933,13944,13952,13960,13968,13976,13985,13994,14003,14012,14021,14030,14039,14048,14056,14064,14072,14080,14088,14096,14104,14112,14121,14130,14138,14146,14154,14162,14170,14178,14186,14194,14202,14210,14218,14227,14236,14245,14253,14265,14277,14285,14293,14305,14312,14320,14327,14335,14341,14348,14355,14361,14368,14375,14381,14387,14399,14407,14415,14423,14431,14439,14447,14455,14463,14471,14479,14487,14495,14503,14511,14519,14527,14535,14543,14551,14559,14567,14575,14583,14591,14599,14607,14615,14623,14631,14639,14647,14655,14663,14668,14678,14687,14696,14705,14714,14723,14733,14741,14748,14756,14764,14773,14782,14791,14800,14809,14818,14827,14835,14843,14851,14861,14868,14875,14883,14891,14897,14903,14910-14919,14927,14934,14942,14948,14954,14960,14966,14975,14984,14992,15002,15010,15016,15024,15032,15040,15048,15056,15064,15072,15080,15088,15096,15104,15112,15120,15128,15136,15144,15151,15159,15166-15181,15183,15191,15199,15207,15215,15224,15232,15240,15248,15256,15264,15272,15280,15288,15296,15304,15313,15321,15329,15336,15343,15351,15359,15367,15375,15383,15390,15396,15403,15410,15418,15426,15433,15441,15449,15457,15465,15473,15481,15489,15497,15505,15513,15521,15528,15534,15541,15548,15556,15564,15571,15579,15587,15595,15603,15611,15619,15627,15635,15643,15651,15659,15667,15674,15680,15687,15694,15702,15710,15718,15726,15734,15742,15750,15758,15767,15776,15785,15794,15803,15812,15821,15830,15838,15846,15854,15862,15870,15878,15886,15894,15902,15914,15926,15938,15950,15958,15966,15974,15982,15990,15998,16006,16014,16022,16030,16038,16046,16054,16062,16069,16080,16095,16104,16112,16120,16128,16138,16147,16155,16163,16171,16178,16186,16198,16212,16221,16230,16238,16246,16254,16262,16270,16278,16286,16294,16302,16310,16318,16326,16334,16342,16350,16359,16368,16376,16384,16392,16401,16409,16418,16426,16434,16442,16450,16458,16467,16476,16488,16500,16509,16517,16525,16534,16543,16551,16560,16573,16586,16595,16604,16613,16622,16631,16640,16649,16658,16666,16674,16682,16690,16698,16706,16714,16723,16732,16741,16750,16758,16766,16774,16782,16790,16798,16806,16814,16821,16829,16837,16845,16853,16861,16869,16877,16885,16892,16899,16907,16915,16923,16931,16939,16947,16955,16963,16971,16979,16987,16995,17003,17011,17019,17027,17035,17047,17059,17071,17083,17095,17107,17119,17131,17143,17155,17167,17179,17191,17203,17215,17227,17239,17251,17263,17275,17287,17299,17311,17323,17335,17347,17359,17371,17383,17395,17407,17419,17431,17443,17455,17467,17479,17491,17503,17515,17527,17539,17551,17563,17575,17587,17599,17611,17623,17635,17647,17659,17671,17683,17695,17707,17719,17731,17743,17755,17763,17772,17780,17788,17797,17805,17813,17821,17829,17837,17845,17853,17860,17868,17876,17884,17892,17900,17908,17916,17924,17932,17940,17948,17956,17964,17972,17980,17988,17996,18004,18012,18020,18027,18035,18043,18050,18056,18064,18072,18080,18088,18096,18104,18112,18120,18127,18135,18143,18152,18160,18168,18176,18185,18194,18203,18212,18221,18230,18239,18248,18257,18266,18275,18284,18293,18302,18310,18318,18326,18334,18342,18350,18358,18366,18374,18382,18390,18396,18408,18417,18425,18433,18441,18449,18457,18465,18473,18481,18489,18497,18505,18513,18521,18530,18539,18548,18557,18566,18574,18589,18598,18607,18616,18624,18632,18640,18648,18656,18665,18674,18683,18691,18700,18709,18718,18727,18736,18745,18754,18763,18771,18784,18792,18801,18809,18817,18825,18833,18841,18849,18861,18873,18885,18897,18909,18917,18925,18933,18941,18949,18957,18967,18977,18985,18995,19003,19013,19023,19033,19043,19053,19065,19077,19089,19101,19110,19119,19128,19137,19145,19153,19161,19169,19177,19185,19193,19201,19209,19217,19225,19233,19241,19249,19257,19265,19273,19281,19289,19298-19339,19341,19350,19359,19369,19377,19386,19395,19404,19413,19421,19430,19438,19446,19453,19461,19469,19477,19485,19493,19501,19509,19517,19525,19532,19540,19547,19555,19563,19571,19577,19585,19594,19602,19610,19618,19626,19641,19649,19657,19665,19673,19679,19687,19693,19702,19711,19720,19729,19738,19747,19756,19765,19774,19783,19792,19801,19810,19819,19828,19837,19846,19855,19864,19873,19882,19891,19900,19909,19918,19927,19936,19945,19954,19963,19972,19981,19990,19999,20008,20017,20026,20035,20044,20053,20062,20071,20080,20089,20098,20107,20116,20125,20134,20143,20152,20161,20170,20179,20187,20195,20203,20212,20221,20230,20243,20251,20259,20267,20275,20283,20291,20299,20307,20319,20331,20340,20349,20358,20367,20375,20383,20393,20403,20413,20423,20432,20440,20448,20457,20465,20473,20481,20489,20497,20505,20513,20523,20533,20543,20553,20563,20573,20583,20592,20601,20610,20619,20628,20637,20646,20655,20664,20673,20682,20691,20700,20709,20718,20727,20736,20745,20754,20761,20767,20774,20780,20787,20795,20802,20810,20819,20827,20834,20842,20849,20855,20863,20874,20885,20893,20900,20906,20915,20922,20930,20939,20945,20951,20957,20963,20971,20978,20986,20994,21000,21007,21021,21034,21042,21051,21060,21069,21078,21087,21095,21104,21113,21122,21131,21140,21149,21161,21166,21175,21182,21189,21197,21205,21213,21221,21229,21237,21245,21253,21259,21265,21271,21277,21283,21289,21295,21301,21307,21313,21321,21329,21336,21344,21351,21358,21365,21371,21378,21384,21390,21396,21402,21408,21414,21420,21426,21432,21438,21445,21451,21458,21464,21470,21476,21483,21488,21495,21502,21511,21520,21529,21538,21545,21553,21562,21569,21576,21582,21590,21598,21606,21614,21622,21630,21638,21646,21654,21662,21670,21678,21686,21695,21704,21713,21722,21731,21739,21748,21757,21766,21775,21784,21793,21802,21811,21820,21829,21838,21847,21856,21865,21874,21883,21892,21901,21910,21919,21928,21937,21946,21955,21964,21973,21982,21991,21999,22007,22016,22025,22034,22043,22052,22061,22070,22079,22088,22097,22106,22115,22124,22133,22142,22151,22160,22169,22178,22187,22196,22205,22214,22223,22232,22241,22250,22259,22267,22275,22284,22293,22302,22311,22320,22329,22338,22347,22356,22365,22374,22383,22392,22401,22410,22419,22428,22437,22446,22455,22464,22473,22482,22491,22500,22509,22518,22527,22535,22543,22552,22561,22570,22579,22588,22597,22606,22615,22624,22633,22642,22651,22660,22669,22678,22687,22696,22705,22714,22723,22732,22741,22750,22759,22768,22777,22786,22795,22804,22813,22822,22831,22840,22849,22858,22867,22876,22885,22894,22903,22912,22921,22930,22939,22948,22957,22966,22975,22984,22993,23002,23011,23020,23029,23038,23047,23056,23065,23074,23083,23092,23101,23110,23119,23128,23137,23146,23155,23164,23173,23182,23191,23200,23209,23218,23227,23236,23245,23254,23263,23272,23281,23290,23298,23306,23315,23324,23333,23342,23350,23359,23368,23377,23386,23395,23404,23412,23420,23428,23436,23444,23453,23462,23471,23479,23487,23495,23503,23511,23519,23527,23535,23543,23551,23559,23567,23575,23584,23592,23600,23609,23617,23625,23634,23643,23652,23661,23670,23678,23687,23696,23704,23712,23720,23728,23736,23743,23751,23760,23808,23816,23824,23832,23840,23848,23856,23864,23872,23880,23888,23896,23904,23912,23920,23927,23934,23943,23952,23960,23968,23976,23984,23992,24000,24008,24016,24024,24032,24040,24046,24053,24062,24070,24078,24086,24094,24102,24111,24119,24127,24135,24143,24151,24159,24167,24175,24183,24191,24199,24207,24215,24223,24231,24239,24246,24254,24262,24271,24280,24286,24294,24301,24308,24317,24324,24330,24338,24346,24354,24362,24370,24378,24386,24393,24402,24409,24417,24424,24432,24439,24447,24454,24462,24469,24477,24485,24494,24502,24511,24519,24527,24534,24542,24551,24557,24565,24574,24580,24588,24596,24604,24616,24628,24636,24644,24652,24661,24670,24679,24688,24697,24706,24715,24724,24732,24737,24742,24750,24759,24764,24769,24777,24785,24791,24797,24804,24811,24818,24824,24830,24837,24844,24853,24862,24869,24877,24886,24895,24904,24911,24919,24927,24935,24944,24957,24965,24974,24983,24992,25001,25010,25019,25028,25037,25046,25055,25064,25073,25082,25091,25100,25109,25118,25127,25136,25145,25154,25163,25172,25181,25190,25199,25208,25220,25229,25237,25245,25252,25260,25268,25281,25289,25296,25305,25314,25322,25331,25339,25347,25355,25362,25370,25379,25386,25392,25401,25410,25417,25425,25433,25441,25449,25457,25467,25475,25483,25495,25503,25511-25513,25517,25521-25523,25527,25531-25533,25537,25541-25543,25547,25551-25553,25557,25561-25563,25567-25587,25591,25600,25609,25618,25627,25636,25645,25654,25663,25672,25681,25690,25697,25706,25714,25723,25732,25740,25748,25756,25764,25772,25780,25788,25795,25803,25811,25819,25826,25834,25842,25850,25859,25867,25875,25883,25891,25899,25908,25916,25924,25932,25941,25950,25958,25966,25974,25982,25990,25998,26007,26015,26024,26032,26040,26049,26056,26063,26070,26076,26082,26091,26099,26107,26114,26121,26128,26136,26144,26152,26159,26166,26172,26180,26187,26194,26201,26208,26216,26223,26231,26239,26247,26255,26263,26271,26279,26287,26295,26303,26311,26318,26326,26334,26344,26351,26359,26367,26375,26383,26391,26399,26407,26415,26424,26432,26440,26449,26458,26467,26476,26484,26494,26502,26510,26517,26525,26533,26542,26550,26558,26566,26574,26586,26592,26598,26608,26619,26627,26634,26642,26649,26657,26665,26673,26682,26691,26700,26708,26714,26720,26727,26733,26741,26748,26756,26764,26770,26778,26790,26802,26810,26819,26828,26837,26843,26850,26858,26866,26874,26884,26891,26901,26909,26918,26924,26931,26939,26947,26955,26965,26971,26977,26984,26991,26999,27006,27013,27021,27030,27037,27044,27053,27061,27069,27078,27086,27093,27101,27110,27119,27125,27134,27139,27145,27153,27161,27169,27177,27185,27191,27197,27204,27211,27218,27224,27230,27236,27242,27248,27254,27260,27268,27275,27282,27290,27296,27302,27308,27315,27322,27328,27334,27340,27347,27353,27360,27366,27373,27379,27385,27392,27400,27407,27413,27422,27431,27440,27448,27457,27465,27473,27481,27489,27497,27505,27513,27521,27529,27536,27544,27551,27558,27566,27574,27582,27589,27597,27605,27614,27623,27632,27641,27649,27657,27665,27674,27683,27691,27700,27709,27717,27725,27734,27742,27756,27770,27784,27798,27807,27816,27824,27832,27838,27844,27850,27857,27865,27873,27881,27890,27898,27906,27914,27921,27930,27938,27946,27954,27962,27971,27979,27987,27995,28003,28011,28020,28028,28036,28045,28053,28062,28071,28079,28087,28095,28103,28111,28118,28127,28134,28141,28148,28157,28163,28170,28179,28187,28196,28205,28212,28219,28226,28232,28238,28246,28251,28259,28267,28273,28279,28285,28291,28297,28302,28308,28315,28323,28331,28340,28348,28356,28361,28366,28372,28378,28384,28389,28395,28400,28406,28412,28417,28423,28430,28437,28444,28453,28461,28469,28476,28485,28494,28504,28512,28520,28531,28543,28549,28557,28563,28569,28576,28582,28589,28595,28602,28608,28616,28622,28629,28636,28644,28651,28658,28666,28674,28680,28686,28692,28699,28706,28714,28721,28728,28736,28744,28750,28757,28764,28771,28778,28784,28790,28796,28802,28808,28814,28822,28828,28834,28840,28847,28854,28861,28869,28878,28887,28895,28904,28912,28919,28927,28935,28943,28951,28959,28967,28976,28985,28994,29002,29007,29013,29018,29024,29030,29038,29043,29048,29054,29062,29069,29077,29083,29089,29097,29105,29113,29121,29129,29137,29145,29152,29159,29167,29175,29184,29192,29201,29209,29218,29227,29236,29245,29252,29258,29266,29272,29280,29287,29294,29302,29309,29316,29324,29332,29341,29348,29355,29362,29371,29380,29388,29396,29404,29412,29420,29428,29436,29445,29454,29463,29472,29481,29489,29497,29505,29514,29523,29531,29539,29548,29556,29565,29574,29583,29594,29605,29614,29622,29629,29634,29639,29647,29654,29659,29664,29672,29679,29686,29694,29700,29707,29713,29721,29729,29737,29745,29754,29763,29771,29779,29787,29795,29803,29811,29819,29827,29836,29845,29854,29863,29872,29881,29889,29898,29906,29915,29924,29933,29942,29950,29959,29967,29975,29983,29991,29999,30007,30015,30024,30033,30042,30051,30060,30068,30076,30084,30093,30101,30108,30116,30124,30133,30141,30149,30157,30165,30174,30182,30190,30198,30206,30215,30223,30231,30239,30247,30256,30264,30272,30280,30288,30297,30305,30313,30321,30329,30338,30346,30354,30362,30370,30379,30387,30395,30403,30411,30420,30429,30437,30445,30453,30461,30470,30476,30485,30493,30510,30527,30536,30544,30552,30560,30569,30578,30587,30596,30604,30612,30621,30630,30639,30648,30656,30664,30673,30682,30691,30700,30707,30717,30725,30733,30741,30749,30757,30765,30772,30780,30786,30792,30798,30806,30814,30826,30835,30847,30859,30871,30883,30895,30907,30916,30925,30934,30942,30950,30958,30966,30974,30982,30990,30998,31006,31014,31022,31031,31040,31049,31058,31067,31076,31085,31094,31103,31112,31121,31130,31139,31148,31157,31166,31175,31184,31193,31202,31211,31220,31229,31238,31247,31256,31265,31274,31283,31292,31301,31310,31319,31328,31337,31346,31355,31364,31373,31382,31392,31402,31412,31422,31432,31442,31452,31462,31472,31482,31492,31502,31512,31522,31532,31541,31550,31559,31568,31577,31586,31595,31604,31613,31622,31631,31640,31649,31657,31665,31673,31681,31689,31697,31705,31713,31725,31733,31746,31759,31772,31780,31787,31794,31802,31810,31818,31826,31834,31841,31848,31857,31865,31873,31881,31889,31897,31905,31913,31921,31929,31939,31947,31955,31963,31971,31981,31991,32001,32011,32021,32031,32041,32051,32059,32067,32075,32083,32092,32102,32114,32122,32130,32138,32146,32154,32162,32170,32178,32186,32194,32203,32212,32220,32228,32236,32244
tasks/coverage/snapshots/semantic_typescript.snap
  s_ff31726993a587::t_cdcc89bcb7120b 1,4-6,26,40,54,77,82,99,113,124,171,182,193,198,206,217,222,227,232,237,242,247,252,278,283,306,317,322,333,353,367-420,449,454,468,473,487,498,503,507,512,516,520,524,528,532,558,572-577,603,606,609,612,621-629,655,689,694,708,719,733,747,758,769,786,797,838,906,974,994,1014,1058,1069,1080,1097,1102,1113,1124,1135,1138-1149,1160-1191,1205,1216,1221,1226,1237,1254,1271,1285,1299,1301-1302,1304,1307,1321,1326,1329,1355,1435,1506,1532,1543,1563,1566,1569,1572,1575,1578,1581,1584,1592,1600,1608,1616,1624-1633,1638,1643,1660,1674,1685-1690,1693,1704,1715,1729,1749,1754,1771,1776,1781,1786,1791,1802,1807,1821,1826,1834-1864,1869-1911,1922,1925,1936,1944,1954,1983,2003,2008,2013,2033,2038,2049,2054,2065,2070-2080,2083,2088,2093,2116,2148,2159,2170,2190,2210,2230,2250,2264,2275,2289,2300,2311,2325,2363,2377,2388,2402,2422,2436,2447,2458,2469,2480,2491,2502,2513,2536,2550,2570,2593,2604,2621,2635,2652,2672,2686,2700,2711,2725,2736,2747,2761,2796,2807,2854,2865-2879,2947,2964,2975,2986,3000,3023,3029-3060,3086,3097,3101,3104,3109-3133,3147,3151-3157,3162,3167,3172,3186,3203-3214,3225,3236-3241,3244,3247,3261,3264,3275-3283,3297-3316,3339,3347,3385,3391,3396-3410,3430,3456,3467,3481,3491,3498,3504,3519,3527,3532,3537,3542,3547-3594,3605,3616,3627,3641,3646,3657,3668,3670-3710,3735-3774,3791,3802,3816,3830,3844,3858,3869,3880,3930,4010-4021,4044,4049,4060,4089,4133,4147,4167,4178,4201,4221,4232,4246,4257,4271,4276,4281,4286,4300,4311,4316,4327,4341-4343,4346,4348-4351,4353-4354,4356-4357,4359-4360,4362-4363,4365-4366,4368-4369,4371-4372,4374-4375,4377-4378,4380-4381,4383-4384,4386-4387,4389-4390,4392-4393,4395-4396,4398-4399,4401-4402,4404-4405,4407-4416,4418-4419,4421-4422,4424-4425,4427-4428,4430-4431,4433-4434,4436-4437,4439-4440,4442-4470,4474,4476,4478-4763,4768,4773,4787,4807,4818,4820-4823,4826-4827,4829,4831-4834,4836-4837,4839-4840,4842-4843,4845-4846,4848-4849,4851-4852,4854-4855,4857-4858,4860-4861,4863-4864,4866-4867,4869-4870,4872-4873,4875-4876,4878-4879,4881-4882,4884-4885,4887-4888,4890-4891,4893-4894,4897-4906,4909,4912-4913,4915,4917-4921,4923,4926,4928-4929,4931-4932,4934-4935,4937-5067,5070-5082,5085-5091,5094,5096-5097,5099-5100,5102-5103,5105-5106,5108-8404,8406,8408,8410-8583,8585,8588-8596,8598-8642,8644-8646,8648-8649,8651-8652,8654-8655,8657-8658,8660-8664,8666-8676,8678-8682,8684-8693,8695-8698,8700-8704,8706-8716,8718-8722,8724-8733,8735-8738,8740-8742,8744-8746,8748-8750,8752-8753,8755-8756,8758-8761,8763-8765,8767-9049,9051-9054,9056-9086,9088-9118,9120-9123,9125,9127,9129-9134,9136,9138,9140-9141,9145,9147-9156,9158,9160,9162-9167,9169,9171,9173-9174,9176-9190,9192-9193,9195-9210,9214,9216-9223,9225,9227-9230,9232-9241,9243-9262,9264-9265,9269,9271,9273-9296,9298-9299,9303,9305,9307-9310,9312-9313,9317,9319,9321-9330,9333-9334,9336,9338-9341,9343-9344,9346-9347,9349-9350,9354,9356,9358-9359,9361,9363-9366,9369-9378,9380,9382-9390,9392-9393,9395-9396,9398-9399,9401-9402,9404-9405,9409,9411,9413-9416,9418-9419,9421-9422,9426,9428,9430-9433,9435-9436,9440,9442,9444-9447,9449-9450,9453-9454,9456,9458-9461,9465,9467,9469-9470,9472,9474-9477,9481,9483,9485-9488,9491-9492,9494,9496,9499,9501-9504,9506-9510,9514,9516,9518-9525,9527,9529-9535,9537-9538,9540-9541,9544-9545,9547,9549-9559,9561,9563-9569,9573,9575-9578,9580-9583,9585-9586,9588-9589,9591-9592,9594-9595,9597-9598,9600-9601,9603-9604,9606-9607,9609-9610,9613-9614,9616,9618-9621,9624-9625,9627,9629-9632,9636,9638,9640-9649,9653,9655,9657-9660,9662-9663,9665-9666,9668-9669,9671-9672,9674-9684,9688,9690,9692-9693,9695,9697-9700,9702-9703,9707,9709,9711,9713-9719,9723,9725,9727-9730,9734,9736,9738-9741,9743-9744,9746-9747,9751,9753,9755-9758,9762,9764,9766-9769,9772-9773,9775,9777-9780,9782-9783,9787,9789,9791-9794,9798,9800-9809,9811-9812,9814-9817,9819-9820,9822-9831,9833-9837,9839,9841-9842,9844,9846-9847,9849,9851-9859,9861-9862,9864-9865,9867-9868,9870-9871,9873-9874,9876-9877,9879-9880,9882-9883,9885-9886,9888-9889,9892-9893,9895,9897-9922,9924,9926,9928-9929,9932-9933,9935,9937-9940,9943-9944,9946,9948-9951,9954-9955,9957,9959-9962,9965-9974,9976,9978,9981-9984,9986,9988-10000,10004,10006,10008,10011,10013-10014,10016-10017,10019-10026,10028,10030-10033,10035-10038,10041-10050,10052,10054-10064,10066,10068-10071,10073-10074,10078,10080,10082-10092,10094-10097,10099,10103,10105-10119,10121,10125-10127,10129,10134-10169,10171,10174,10177-10180,10182,10184-10185,10187,10189-10192,10196,10198,10200-10201,10203,10205-10341,10345,10347,10349-10353,10355-10356,10358,10360-10367,10369,10371,10373-10389,10393,10395,10397,10399-10415,10419,10421,10423-10430,10432,10434-10437,10439-10440,10442-10443,10445-10446,10448-10449,10451-10452,10454-10455,10457-10458,10460-10461,10463-10464,10466-10467,10469-10470,10472-10473,10475-10476,10478-10479,10481-10518,10522,10524,10526-10529,10531-10532,10534-10550,10552-10553,10555-10556,10558-10559,10561-10562,10564-10565,10567-10568,10570-10574,10578,10580,10582-10585,10587-10588,10592,10594,10596-10599,10601-10602,10604-10605,10607-10608,10610-10626,10630,10632,10634,10636-10637,10641,10643,10645-10661,10663,10665-10668,10670-10671,10673-10674,10676-10677,10679-10680,10682-10683,10685-10686,10688-10689,10691-10692,10694-10695,10699-10710,10712,10714-10723,10727,10729,10731-10734,10736-10737,10739-10740,10744,10746,10748-10751,10753-10754,10758,10760,10762,10765,10767-10770,10772-10773,10776-10777,10779,10781-10782,10784,10786-10792,10796,10798,10800-10803,10807,10809,10811-10814,10816-10817,10819-10820,10822-10847,10851,10853,10855-10858,10860-10867,10871,10873,10875-10878,10882,10884-10896,10898-10899,10901,10903,10906,10908-10913,10915-10929,10931,10933-10936,10938-10939,10941-10942,10944-10945,10947-10948,10950-10962,10964-10965,10967-10968,10970-10971,10973-10974,10976-10977,10981,10983,10985-10992,10994,10996-10999,11003,11005,11007-11013,11016-11017,11019,11021-11027,11030-11031,11033,11035-11038,11041-11042,11044-11056,11058,11060-11074,11076-11084,11086,11088,11090-11091,11093-11094,11096-11097,11099-11106,11110,11112,11114-11121,11123,11125-11126,11128-11140,11142-11148,11150-11159,11161-11173,11175-11197,11199-11205,11207-11212,11215,11217-11220,11222-11223,11227,11229,11231-11234,11238,11240-11241,11243-11246,11248-11251,11253,11255-11258,11262,11264,11266-11272,11276,11278-11287,11289-11298,11300,11302-11309,11311,11313-11316,11319-11320,11322,11324-11327,11331,11333,11335-11338,11342,11344,11346-11349,11351-11352,11354-11355,11357-11358,11360-11369,11371-11372,11374-11375,11377-11378,11380-11389,11391-11400,11402-11411,11413-11414,11416-11425,11427-11428,11432,11434,11436-11444,11447-11448,11450-11451,11453-11464,11466-11468,11470-11646,11648-11650,11652-11656,11658,11660-11663,11665-11666,11668-11669,11671-11672,11674-11675,11677-11678,11680-11681,11683-11684,11686-11687,11689-11690,11692-11693,11695-11696,11698-11699,11701-11702,11704-11705,11707-11708,11710-11711,11713-11714,11716-11717,11719-11720,11722-11723,11725-11726,11728-11729,11731-11732,11734-11735,11737-11738,11740-11741,11743-11744,11746-11747,11749-11750,11752-11753,11755-11756,11758-11759,11761-11762,11764-11765,11767-11768,11770-11771,11773-11774,11776-11777,11779-11780,11782-11783,11785-11786,11788-11789,11791-11792,11794-11795,11797-11798,11800-11801,11803-11804,11806-11810,11812-11813,11815-11816,11818-11819,11821-11822,11824-11825,11827-11828,11830-11831,11833-11834,11836-11837,11839-11840,11842-11843,11845-11846,11848-11849,11851-11852,11854-11855,11857-11858,11860-11861,11863-11864,11866-11867,11869-11870,11872-11873,11875-11876,11878-11879,11881-11882,11884-11885,11887-11888,11890-11891,11893-11894,11896-11897,11899-11900,11902-11903,11905-11906,11908-11909,11911-11912,11914-11915,11917-11918,11920-11921,11923-11924,11926-11927,11929-11930,11932-11933,11935-11936,11938-11939,11941-11942,11944-11945,11947-11948,11950-11951,11953-11954,11956-11957,11959-11960,11962-11963,11965-11966,11968-11969,11971-11972,11974-11975,11977-11978,11980-11981,11983-11984,11986-11987,11989-11990,11992-11993,11995-11996,11998-11999,12001-12002,12004-12005,12007-12008,12010-12011,12013-12014,12016-12017,12019-12020,12022-12023,12025-12026,12028-12029,12031-12032,12034-12044,12046-12047,12049-12050,12052-12053,12055-12056,12058-12059,12061-12062,12064-12065,12067-12068,12070-12071,12073-12123,12125,12127-12137,12139,12606,12608-12611,12613-12614,12618,12620,12622-12659,12661-12670,12672-12681,12683-12684,12686-12687,12689-12690,12692-12693,12695-12696,12698-12699,12701-12710,12712-12721,12723-12732,12734-12743,12748-12803,12805-12806,12808-12809,12811-12812,12814-12815,12817-12843,12845-12846,12848-12849,12851-12852,12854-12946,12948-12949,12951-12952,12954-12955,12957-12966,12968-12969,12971-12980,12982-12983,12985-12986,12988-12989,12991-12992,12994-12995,12997-12998,13000-13001,13003-13004,13006-13007,13009-13018,13020-13021,13023-13024,13026-13027,13029-13043,13045-13054,13056-13065,13067-13076,13078-13079,13081-13082,13084-13085,13087-13088,13090-13099,13101-13110,13112-13113,13115-13124,13126-13127,13129-13138,13140-13141,13143-13144,13146-13147,13149-13158,13160-13169,13171-13180,13182-13183,13185-13186,13188-13189,13191-13192,13194-13203,13205-13214,13216-13230,13232-13241,13243-13244,13246-13255,13257-13258,13260-13267,13269,13271-13280,13282-13291,13293-13294,13296-13297,13299-13300,13302-13303,13305-13306,13308-13309,13311-13312,13314-13315,13317-13318,13320-13321,13323-13324,13326-13327,13329-13330,13332-13333,13335-13336,13338-13339,13341-13342,13344-13345,13347-13348,13350-13351,13353-13354,13356-13357,13359-13360,13362-13371,13373-13374,13376-13377,13379-13380,13382-13383,13385-13386,13388-13389,13391-13392,13394-13395,13397-13398,13400-13401,13403-13404,13406-13407,13409-13410,13412-13413,13415-13416,13418-13419,13421-13422,13424-13425,13427-13428,13430-13431,13433-13442,13444-13445,13447-13448,13450-13451,13453-13454,13456-13457,13459-13460,13462-13463,13465-13466,13468-13469,13471-13472,13474-13475,13477-13478,13480-13481,13483-13484,13486-13487,13489-13490,13492-13493,13495-13496,13498-13499,13501-13502,13504-13513,13515-13516,13518-13519,13521-13522,13524-13525,13527-13528,13530-13531,13533-13534,13536-13537,13539-13540,13542-13543,13545-13546,13550,13552,13554-13557,13559-13560,13562-13563,13565-13566,13568-13569,13571-13572,13574-13575,13577-13578,13580-13581,13583-13584,13586-13587,13589-13590,13592-13593,13595-13596,13598-13599,13601-13602,13604-13605,13607-13608,13610-13626,13630,13632,13634-13637,13639-13640,13642-13643,13645-13646,13648-13649,13651-13652,13654-13655,13657-13658,13660-13670,13674,13676,13678-13681,13683-13684,13686-13687,13689-13690,13692-13693,13695-13696,13698-13699,13701-13702,13704-13705,13707-13708,13710-13711,13713-13714,13716-13717,13719-13720,13722-13723,13725-13726,13728-13729,13731-13732,13734-13735,13737-13738,13740-13741,13743-13744,13746-13747,13749-13750,13754,13756,13758-13761,13763-13764,13766-13767,13769-13770,13772-13773,13775-13776,13778-13779,13781-13782,13784-13785,13787-13788,13790-13791,13793-13794,13796-13797,13799-13800,13802-13803,13805-13806,13808-13809,13811-13812,13814-13815,13817-13818,13820-13821,13823-13824,13826-13827,13829-13830,13834,13836,13838-13841,13843-13844,13846-13847,13849-13850,13852-13853,13855-13856,13858-13859,13861-13865,13912-13919,13987,13989-14017,14058,14060-14061,14098-14105,14146,14163,14180,14197-14274,14288,14302-14368,14382,14396,14410-14413,14416,14421,14435,14455,14466,14573,14584,14640,14645,14656,14661,14672,14692,14814,14817,14831,14834,14848,14865,14876,14887-14891,14902,14911-15018,15020,15031,15054,15065,15079,15084,15095,15098,15118-15129,15140,15145,15153,15173,15184,15195,15209,15214,15249,15275,15286,15291,15296,15307,15312,15329,15346,15360,15374,15403,15417,15428,15439,15450,15455,15466,15471,15491,15523,15543,15554,15568,15597,15608,15619,15705,15749,15766,15771,15791-15796,15807,15818,15832,15846,15857,15868,15879,15890,15895,15909,15920,15923,15926,15937,15951,15959-16236,16239-16240,16242,16244-16260,16262,16264-16280,16282,16284-16291,16293,16295-16296,16298-16310,16313,16315-16316,16318-16327,16329-16330,16332-16333,16336,16338-16339,16341-16342,16344-16353,16355-16356,16358-16359,16361-16362,16365-16368,16371-16372,16374,16376-16394,16397-16398,16400,16402-16405,16407-16420,16423-16424,16426,16428-16446,16449-16450,16452,16454-16472,16475-16476,16478,16480-16483,16485-16486,16488-16489,16491-16492,16494-16498,16501-16502,16504,16506-16509,16511-16512,16514-16515,16517-16518,16520-16524,16527-16528,16530,16532-16539,16541,16543-16550,16552,16566,16586,16600,16620,16640,16660,16680,16706,16732,16758,16784,16810,16836,16862,16888,16899,16901,16904-16916,16920,16922,16936,16956,16970,16990,17010,17030,17050,17076,17102,17128,17154,17180,17206,17232,17258,17269,17292,17309-17320,17337-17348,17359,17370-17392,17409,17420,17434,17439,17462,17542,17556,17567,17581,17586,17591-17596,17607,17621,17644,17655,17687,17713,17745,17783,17803,17832,17852,17866,17886,17891-18031,18033-18036,18039-18040,18042,18056,18067-18152,18166,18177,18188,18199,18210,18236-18258,18269,18280,18291-18346,18357-18368,18385-18413,18481,18498,18524,18535-18613,18639,18674,18680,18685,18690,18698,18712,18717,18731,18745,18759,18821,18892,18927,18947,18952,18966,18980,18994,19008,19019,19024,19029,19032,19037,19042,19053-19075,19077,19080-19083,19087,19089,19103-19108,19113,19124,19135,19146,19157,19171,19185,19199,19213,19239,19250,19261,19272,19277,19294,19311,19322,19333-19343,19346-19371,19377,19383,19389,19395-19424,19427,19430,19444,19458,19478,19486,19497,19508-19534,19548-19574,19591,19605,19622,19636,19650,19676,19690-19701,19712,19767-19966,19971-19978,19982-19989,19993-20000,20004-20011,20016-20017,20019,20021-20024,20027-20028,20030,20032-20038,20041-20042,20044,20082,20093-20115,20192,20209,20226,20237,20248,20265,20285,20299,20313-20330,20341-20358,20372-20557,20559-20560,20565-20566,20568,20570-20573,20578-20588,20593-20594,20596,20598-20599,20604-20605,20607,20609-20610,20615-20616,20618,20620-20621,20625-20632,20636-20643,20648-20649,20651,20653-20654,20659-20660,20662,20664-20665,20669-20676,20681-20682,20684,20707,20760,20777,20815,20835,20873,20899,20925,20951,20962,20973,21101,21211,21231,21242,21256,21273,21287,21301,21312,21315,21419,21436,22002,22013,22021,22035,22049,22063,22066,22080,22091,22180,22212,22286,22309,22329-22340,22609,22698,22730,22951,22980,23060,23101,23211,23315,23344,23412,23438,23476,23514,23558,23581,23592-23595,23609,23623,23626,23629,23632,23635,23638-23643,23648-23772,23774-23775,23778,23789-23798,23803-23809,23812,23817,23822,23827-23841,23864,23872,23880,23885-23934,23936-23937,23939-23946,23949-23950,23952,23990,23995,24000,24041,24046,24049,24054,24059,24062,24067,24070,24073,24082,24086,24091,24095,24098,24102,24105,24109,24116,24119,24122,24136,24141,24161,24172,24186,24191,24196,24201,24206-24211,24216,24221,24226,24273,24278,24352,24361-24684,24686,24688-24700,24704,24706,24708-24711,24713-24735,24739,24741,24743-24746,24748-24749,24751-24752,24754-24755,24757-24795,24799,24801,24803,24806,24808-24836,24838-24839,24841-24866,24868-24869,24871-24872,24874-24913,24915-24916,24918-24927,24931,24933,24935-24938,24942,24944,24946-24949,24951-24960,24962-24971,24973-24982,24984-24993,24997,24999,25001-25004,25008,25010,25012-25019,25021,25023-25030,25032,25034-25041,25043,25045-25048,25052,25054,25056-25063,25065,25067-25074,25076,25078-25085,25087,25089-25096,25098,25100-25107,25109,25111-25118,25120,25122-25125,25129,25131,25133-25140,25142,25144-25147,25149-25158,25162,25164,25166-25173,25175,25177-25184,25186,25188-25195,25197,25199,25201-25206,25208,25210-25213,25215-25243,25246-25247,25249,25263,25277,25294,25308,25352,25363,25380,25412,25429,25440,25457,25474,25497,25520,25558,25599,25631,25654,25677,25694,25717,25740,25751,25762,25800,25820,25846,25908,25922,25942,25968,25979,25988,26002,26010,26015,26023,26283,26294-26308,26322,26336,26347,26361,26366,26374,26382,26390,26404,26418,26426,26434,26445,26453,26560,26574,26585,26599-26631,26642,26764,26778,26789,26803,26814,26867,26881,26985,27008,27019,27080,27084,27095,27109,27123,27155,27159,27163,27183,27224,27265,27369,27437,27553,27669,27785,27835,27951,27959,28057,28143,28229,28345,28461,28577,28705,28833,28949,29065,29181,29225,29341,29457,29573,29689,29769,29861,29953,30045,30131,30211,30291,30371,30451,30531,30671,30811,30951,31007,31147,31185,31289,31429,31569,31613,31639,31653,31667,31741,31755,31769,31789,31806,31817,31894,31911,31922
tasks/coverage/snapshots/transformer_typescript.snap
  s_ff31726993a587::t_c19910f5cc073b 1,4-6,8,10,12,14,16,18,20,22,24,26,28,30,32,34,36,38,40,42,44-46
tasks/coverage/snapshots/tsc_diagnostics_codes.snap
  s_ff31726993a587::t_5d7f96f18f7604 1,19,271,333,433,722,774,795-796,818,838,878,916,973-975
tasks/coverage/src/tools.rs
  s_ae59b98565170e::t_77e20b612a790e 902-906,908
tasks/coverage/src/typescript/transpile_runner.rs
  s_ff31726993a587::t_ebdf1757f7ec71 16-19,26,31,64-65,67
.github/scripts/clone-parallel.mjs
  s_5be5dec37be01e::t_c48d3b9489dfbf 15-16
packages/codegen/test/utils/common.ts
  s_ff31726993a587::t_203c31dee1e403 28-31
tasks/coverage/src/lib.rs
  s_ff31726993a587::t_ca862f33982193 317
tasks/coverage/src/load.rs
  s_ff31726993a587::t_5654388655eba7 211
tasks/coverage/src/main.rs
  s_ff31726993a587::t_10961ea2a329dd 26
tasks/coverage/src/typescript/diagnostics_code_collector.rs
  s_ff31726993a587::t_3f75b9fd79523c 7,10,14,36,38-39,50-52,90-99,101
tasks/coverage/src/typescript/meta.rs
  s_ff31726993a587::t_61f33cb9bc5b00 17,195-196,358
tasks/coverage/src/typescript/mod.rs
  s_ff31726993a587::t_b17d6ff64dff2f 1-4,14-25
tasks/coverage/src/typescript/type_symbol_baseline.rs
  s_ff31726993a587::t_574885c59fda82 29-33,35,203,206,311
tasks/transform_conformance/tests/legacy-decorators/test/fixtures/update-fixtures.js
  s_ff31726993a587::t_45c0d2472d37be 17,20
---
{
  "schema_version": "authorship/3.0.0",
  "git_ai_version": "1.6.10",
  "base_commit_sha": "97b8ed87a4724d79ad84ac99ebd1b555c7c00fa0",
  "prompts": {},
  "sessions": {
    "s_5be5dec37be01e": {
      "agent_id": {
        "tool": "codex",
        "id": "01a05d70-87fd-7751-84b2-1fead47e179e",
        "model": "unknown"
      },
      "human_author": "Cameron <cameron.clark@hey.com>"
    },
    "s_ae59b98565170e": {
      "agent_id": {
        "tool": "codex",
        "id": "01a05d2b-2aab-79a0-92b5-8dfa6d374c6c",
        "model": "gpt-5.6-sol"
      },
      "human_author": "Cameron <cameron.clark@hey.com>"
    },
    "s_ff31726993a587": {
      "agent_id": {
        "tool": "codex",
        "id": "01a05c16-6434-74c3-b140-a59f82feba34",
        "model": "gpt-5.6-sol"
      },
      "human_author": "Cameron <cameron.clark@hey.com>"
    }
  }
}